====================================================================================================
Raft Benchmark Results Summary
====================================================================================================


ALR:
----------------------------------------------------------------------------------------------------
Replicas   Write%     Throughput      Avg Lat      P95 Lat      P99 Lat      Success%    
----------------------------------------------------------------------------------------------------
3          2          113.50          44.05        185.96       209.15       100.00      
3          10         131.78          37.94        117.04       208.04       100.00      
5          2          112.59          44.33        119.39       201.97       100.00      
5          5          117.16          42.67        120.01       199.88       100.00      
5          10         122.16          40.86        122.79       196.85       100.00      
5          15         125.60          39.77        112.95       194.73       100.00      
5          20         135.38          36.92        110.67       185.59       100.00      
5          50         163.03          30.65        86.93        128.82       100.00      
5          100        156.12          31.99        69.85        86.14        100.00      
7          2          110.91          45.04        114.21       194.80       100.00      
7          10         121.26          41.11        110.76       185.71       100.00      


ALR-leader-only:
----------------------------------------------------------------------------------------------------
Replicas   Write%     Throughput      Avg Lat      P95 Lat      P99 Lat      Success%    
----------------------------------------------------------------------------------------------------
3          2          669.70          7.46         13.42        18.67        100.00      
3          10         570.39          8.76         18.57        24.11        100.00      
5          2          594.98          8.40         18.67        28.16        100.00      
5          5          589.30          8.48         18.63        26.52        100.00      
5          10         476.05          10.50        24.64        35.10        100.00      
5          15         376.39          13.27        31.04        46.74        100.00      
5          20         367.86          13.58        36.39        59.47        100.00      
5          50         237.39          21.04        48.10        61.99        100.00      
5          100        152.64          32.73        70.97        88.60        100.00      
7          2          507.48          9.85         23.89        35.58        100.00      
7          10         433.63          11.52        28.20        39.42        100.00      


base:
----------------------------------------------------------------------------------------------------
Replicas   Write%     Throughput      Avg Lat      P95 Lat      P99 Lat      Success%    
----------------------------------------------------------------------------------------------------
3          2          198.50          25.16        49.70        58.13        100.00      
3          10         181.25          27.56        54.09        72.99        100.00      
5          2          144.84          34.47        69.62        103.32       100.00      
5          5          157.57          31.68        66.65        86.79        100.00      
5          10         145.39          34.36        74.65        98.25        100.00      
5          15         154.72          32.28        66.30        82.45        100.00      
5          20         153.61          32.52        67.46        88.84        100.00      
5          50         149.76          33.36        70.14        87.69        100.00      
5          100        146.63          34.05        68.26        85.20        100.00      
7          2          126.00          39.62        82.90        104.25       100.00      
7          10         120.00          41.60        86.46        114.44       100.00      

